1 1 1.000000
4 1 0.091712
6 1 0.060781
9 1 0.032432
12 1 0.031536
13 1 0.032269
15 1 0.030221
17 1 0.083423
18 1 0.074955
19 1 0.065283
21 1 0.169245
22 1 0.067612
26 1 0.032252
29 1 0.038799
30 1 0.031980
32 1 0.031029
33 1 0.083423
37 1 0.065282
42 1 0.031216
44 1 0.032432
47 1 0.093588
55 1 0.063507
56 1 0.083423
58 1 0.069429
61 1 0.040743
63 1 0.066059
65 1 0.065959
68 1 0.109008
71 1 0.069483
72 1 0.032844
74 1 0.058559
77 1 0.108763
80 1 0.067595
86 1 0.107115
87 1 0.143747
88 1 0.091892
90 1 0.032810
94 1 0.033990
96 1 0.064091
99 1 0.035937
1 2 0.039187
2 2 1.000000
3 2 0.032187
4 2 0.124264
5 2 0.074622
7 2 0.052831
10 2 0.034414
11 2 0.037842
13 2 0.066667
20 2 0.085640
21 2 0.178831
32 2 0.061802
33 2 0.083243
35 2 0.061802
38 2 0.075343
39 2 0.034234
40 2 0.061802
44 2 0.103685
46 2 0.303047
48 2 0.037741
49 2 0.061802
59 2 0.061802
60 2 0.033536
63 2 0.074775
64 2 0.042039
68 2 0.388826
71 2 0.039039
77 2 0.102889
79 2 0.032016
80 2 0.036810
86 2 0.074955
87 2 0.109897
88 2 0.157477
89 2 0.097973
90 2 0.389408
91 2 0.103406
94 2 0.083063
96 2 0.063243
100 2 0.094529
2 3 0.031662
3 3 1.000000
4 3 0.123272
11 3 0.085225
13 3 0.115727
18 3 0.062099
19 3 0.084730
20 3 0.036156
24 3 0.091946
26 3 0.110189
29 3 0.031698
31 3 0.036761
33 3 0.083423
35 3 0.246833
36 3 0.029610
38 3 0.033377
39 3 0.041137
44 3 0.035750
46 3 0.065811
47 3 0.034083
53 3 0.114474
58 3 0.094681
60 3 0.036581
62 3 0.136755
63 3 0.031245
68 3 0.091047
70 3 0.076435
75 3 0.030803
81 3 0.031467
82 3 0.032838
87 3 0.064305
88 3 0.091892
89 3 0.066324
90 3 0.074955
91 3 0.066935
94 3 0.029927
97 3 0.031734
99 3 0.143056
100 3 0.067244
1 4 0.148358
2 4 0.142732
4 4 1.000000
8 4 0.070605
10 4 0.031920
20 4 0.033291
21 4 0.074955
22 4 0.030192
25 4 0.032613
29 4 0.031108
31 4 0.032740
32 4 0.031438
33 4 0.117928
35 4 0.084865
36 4 0.031107
37 4 0.033574
40 4 0.031656
42 4 0.036775
43 4 0.032613
46 4 0.148694
51 4 0.063387
57 4 0.069036
59 4 0.084865
63 4 0.031467
65 4 0.068302
69 4 0.032188
70 4 0.030719
71 4 0.066847
72 4 0.096928
73 4 0.066046
74 4 0.063775
83 4 0.105673
86 4 0.064379
88 4 0.098739
91 4 0.034054
94 4 0.031778
95 4 0.032763
98 4 0.098378
100 4 0.124165
4 5 0.038051
5 5 1.000000
13 5 0.052543
14 5 0.072037
15 5 0.105885
17 5 0.085586
23 5 0.038040
24 5 0.113893
26 5 0.030250
27 5 0.031257
28 5 0.124041
30 5 0.030128
33 5 0.091712
35 5 0.154576
40 5 0.033514
42 5 0.031532
43 5 0.051663
46 5 0.120068
47 5 0.031599
50 5 0.030850
54 5 0.132606
56 5 0.032117
59 5 0.229418
64 5 0.040504
65 5 0.099745
67 5 0.060540
70 5 0.031848
74 5 0.035676
75 5 0.070264
76 5 0.100924
79 5 0.032367
82 5 0.071068
86 5 0.083423
87 5 0.068969
88 5 0.253838
91 5 0.065142
94 5 0.061893
95 5 0.072387
99 5 0.070169
100 5 0.087207
1 6 0.074817
3 6 0.065691
6 6 1.000000
9 6 0.058378
13 6 0.045828
17 6 0.083423
18 6 0.042102
19 6 0.033574
22 6 0.194820
29 6 0.040901
32 6 0.231386
33 6 0.124396
34 6 0.036667
36 6 0.032596
38 6 0.066667
41 6 0.037612
45 6 0.222298
48 6 0.147759
49 6 0.033112
54 6 0.034114
55 6 0.063574
56 6 0.094767
57 6 0.110027
58 6 0.106234
65 6 0.199949
69 6 0.032098
77 6 0.070021
80 6 0.071374
84 6 0.072604
86 6 0.147770
88 6 0.091532
93 6 0.032456
95 6 0.032652
96 6 0.086673
97 6 0.567870
98 6 0.069435
99 6 0.067623
100 6 0.033344
2 7 0.049015
3 7 0.074955
4 7 0.091712
5 7 0.057011
6 7 0.218328
7 7 1.000000
8 7 0.038581
14 7 0.072866
17 7 0.083423
20 7 0.100361
21 7 0.291545
23 7 0.038150
28 7 0.263648
31 7 0.037146
32 7 0.061441
34 7 0.033694
35 7 0.130658
36 7 0.034365
38 7 0.105162
40 7 0.192023
42 7 0.070237
43 7 0.036743
49 7 0.061441
51 7 0.031106
52 7 0.029937
53 7 0.169316
54 7 0.145729
55 7 0.064148
59 7 0.133086
65 7 0.033559
67 7 0.063784
68 7 0.034099
70 7 0.034288
71 7 0.071892
72 7 0.039325
73 7 0.035613
75 7 0.085729
79 7 0.276104
81 7 0.062537
85 7 0.243396
88 7 0.091351
89 7 0.071139
94 7 0.125147
95 7 0.075339
98 7 0.030938
99 7 0.038378
100 7 0.061441
3 8 0.029987
4 8 0.155156
6 8 0.031601
8 8 1.000000
10 8 0.102859
12 8 0.054878
14 8 0.070075
16 8 0.036234
17 8 0.085045
18 8 0.030888
20 8 0.039499
21 8 0.062235
27 8 0.031379
28 8 0.036784
29 8 0.031062
32 8 0.034849
34 8 0.031903
36 8 0.031980
49 8 0.065049
50 8 0.032728
52 8 0.031652
54 8 0.033615
56 8 0.083423
58 8 0.034826
64 8 0.255554
66 8 0.093797
68 8 0.054360
74 8 0.031351
76 8 0.031712
77 8 0.067720
85 8 0.030719
88 8 0.123798
89 8 0.099630
91 8 0.060180
93 8 0.063456
94 8 0.081802
100 8 0.095176
4 9 0.091712
7 9 0.029345
8 9 0.039596
9 9 1.000000
10 9 0.032848
13 9 0.064779
17 9 0.116080
18 9 0.214656
30 9 0.029705
32 9 0.060901
33 9 0.291240
35 9 0.159597
36 9 0.031862
38 9 0.135681
40 9 0.060901
46 9 0.065901
48 9 0.066348
49 9 0.127227
51 9 0.068076
52 9 0.089232
54 9 0.033768
55 9 0.060922
58 9 0.063449
59 9 0.060901
60 9 0.162666
61 9 0.038209
62 9 0.032500
65 9 0.033378
67 9 0.034134
68 9 0.033282
69 9 0.033901
71 9 0.068797
73 9 0.033694
75 9 0.035291
76 9 0.063386
77 9 0.068080
86 9 0.142867
87 9 0.069061
88 9 0.123731
90 9 0.033514
96 9 0.171518
97 9 0.036276
100 9 0.060901
2 10 0.032185
4 10 0.122277
5 10 0.038731
6 10 0.060443
8 10 0.063765
10 10 1.000000
13 10 0.074775
14 10 0.157101
16 10 0.064726
32 10 0.092383
33 10 0.145881
35 10 0.145766
36 10 0.031175
39 10 0.073171
40 10 0.123634
46 10 0.150248
49 10 0.129582
52 10 0.032987
55 10 0.176395
59 10 0.284824
65 10 0.067260
70 10 0.067205
73 10 0.032470
76 10 0.050740
82 10 0.031030
86 10 0.083243
88 10 0.092072
93 10 0.033471
94 10 0.032198
95 10 0.130009
96 10 0.031832
97 10 0.072072
99 10 0.103416
100 10 0.145766
2 11 0.040021
4 11 0.091712
6 11 0.060601
11 11 1.000000
13 11 0.038919
14 11 0.092898
15 11 0.107840
17 11 0.087748
21 11 0.065405
22 11 0.172446
25 11 0.151102
28 11 0.288704
30 11 0.031789
32 11 0.098393
33 11 0.091531
35 11 0.216327
38 11 0.258434
40 11 0.062162
46 11 0.327729
49 11 0.062162
50 11 0.042748
52 11 0.032391
53 11 0.034441
59 11 0.493564
65 11 0.033354
66 11 0.155161
72 11 0.056648
73 11 0.285453
76 11 0.041748
77 11 0.070597
79 11 0.036458
81 11 0.064297
84 11 0.364336
85 11 0.153618
86 11 0.083423
87 11 0.069979
88 11 0.153874
90 11 0.113127
95 11 0.364073
97 11 0.112840
99 11 0.068635
100 11 0.147387
1 12 0.036605
4 12 0.091712
10 12 0.030565
12 12 1.000000
15 12 0.136338
20 12 0.273283
21 12 0.075101
22 12 0.131787
23 12 0.132216
24 12 0.033349
26 12 0.095556
29 12 0.040180
44 12 0.101530
45 12 0.068108
48 12 0.038933
53 12 0.133285
54 12 0.064522
55 12 0.063591
62 12 0.035377
63 12 0.075676
68 12 0.060785
69 12 0.095528
70 12 0.031883
72 12 0.105538
73 12 0.032072
74 12 0.091106
76 12 0.033157
77 12 0.077070
79 12 0.030552
82 12 0.050669
83 12 0.031712
86 12 0.084685
87 12 0.067335
88 12 0.123092
89 12 0.103137
92 12 0.063267
96 12 0.068108
98 12 0.029857
99 12 0.032793
100 12 0.029730
1 13 0.043423
2 13 0.067573
4 13 0.123359
5 13 0.031853
10 13 0.069800
13 13 1.000000
19 13 0.030286
20 13 0.065266
22 13 0.032377
24 13 0.116880
25 13 0.032072
26 13 0.029624
31 13 0.108500
35 13 0.074567
36 13 0.031126
39 13 0.031532
43 13 0.050925
54 13 0.177480
56 13 0.083423
57 13 0.066181
58 13 0.031077
59 13 0.033477
61 13 0.034775
64 13 0.034120
65 13 0.075574
74 13 0.066486
75 13 0.030031
77 13 0.033044
80 13 0.032930
81 13 0.068151
83 13 0.039442
88 13 0.091532
90 13 0.067682
92 13 0.065348
96 13 0.033333
99 13 0.032241
100 13 0.031351
3 14 0.071149
4 14 0.091712
7 14 0.275212
9 14 0.063618
10 14 0.033583
11 14 0.031982
13 14 0.066921
14 14 1.000000
15 14 0.034414
16 14 0.031257
17 14 0.097573
19 14 0.033895
20 14 0.032252
21 14 0.075135
23 14 0.038647
27 14 0.126681
31 14 0.037357
32 14 0.061081
33 14 0.083243
35 14 0.142023
37 14 0.032804
40 14 0.061081
44 14 0.033964
49 14 0.061081
51 14 0.063964
56 14 0.075135
59 14 0.061081
60 14 0.207849
67 14 0.070427
70 14 0.032186
77 14 0.069522
80 14 0.032208
82 14 0.037112
86 14 0.062635
88 14 0.092432
89 14 0.035118
90 14 0.124495
92 14 0.034955
93 14 0.031129
98 14 0.030354
99 14 0.068441
100 14 0.061081
1 15 0.145172
2 15 0.078593
4 15 0.162698
5 15 0.255210
10 15 0.037057
12 15 0.069803
13 15 0.072397
15 15 1.000000
18 15 0.132213
20 15 0.103782
24 15 0.065203
25 15 0.060417
28 15 0.030471
29 15 0.035777
33 15 0.116240
35 15 0.085405
38 15 0.042373
42 15 0.030824
44 15 0.069706
46 15 0.085405
47 15 0.032838
54 15 0.033401
57 15 0.035982
58 15 0.091804
59 15 0.154542
63 15 0.058378
64 15 0.046143
65 15 0.033937
67 15 0.099888
70 15 0.066525
75 15 0.111408
77 15 0.035742
78 15 0.042276
79 15 0.032185
80 15 0.034427
81 15 0.065264
87 15 0.031006
88 15 0.091892
89 15 0.034927
93 15 0.069736
96 15 0.033710
97 15 0.058558
100 15 0.085405
1 16 0.039640
4 16 0.129263
10 16 0.033133
13 16 0.034324
14 16 0.074560
16 16 1.000000
17 16 0.034955
18 16 0.031079
19 16 0.031615
21 16 0.348805
22 16 0.061081
24 16 0.099189
27 16 0.068670
33 16 0.083243
35 16 0.031369
38 16 0.071760
51 16 0.100276
53 16 0.075023
56 16 0.083243
59 16 0.066682
63 16 0.096848
64 16 0.032093
65 16 0.033472
66 16 0.033127
70 16 0.031647
73 16 0.104063
75 16 0.075537
80 16 0.032238
81 16 0.059459
82 16 0.031828
86 16 0.083243
87 16 0.034367
88 16 0.124799
90 16 0.083243
92 16 0.031322
94 16 0.081081
95 16 0.031411
100 16 0.038729
4 17 0.121869
5 17 0.055845
6 17 0.032477
8 17 0.030962
14 17 0.032557
17 17 1.000000
21 17 0.114844
25 17 0.031599
31 17 0.044084
33 17 0.146570
34 17 0.085970
35 17 0.120618
36 17 0.031257
37 17 0.053565
38 17 0.041169
39 17 0.038041
40 17 0.034745
45 17 0.100582
46 17 0.086667
53 17 0.051316
56 17 0.142892
59 17 0.086667
60 17 0.033153
62 17 0.037552
63 17 0.070390
64 17 0.223463
65 17 0.083850
67 17 0.034886
72 17 0.076206
78 17 0.034069
79 17 0.037282
83 17 0.063668
84 17 0.262968
86 17 0.031532
87 17 0.041027
88 17 0.090811
89 17 0.070813
93 17 0.030339
94 17 0.034440
95 17 0.074699
97 17 0.036757
98 17 0.145339
99 17 0.071781
100 17 0.086667
1 18 0.047761
2 18 0.032638
4 18 0.130012
5 18 0.056577
6 18 0.181880
8 18 0.068993
11 18 0.060180
13 18 0.074955
17 18 0.035315
18 18 1.000000
19 18 0.031826
21 18 0.037961
22 18 0.033539
23 18 0.066667
25 18 0.031826
27 18 0.067917
28 18 0.037638
32 18 0.092432
35 18 0.128995
37 18 0.038671
40 18 0.155849
46 18 0.067004
49 18 0.124028
57 18 0.068259
59 18 0.060180
63 18 0.122982
64 18 0.063975
65 18 0.030698
68 18 0.055964
69 18 0.030864
72 18 0.032991
73 18 0.032291
76 18 0.029578
81 18 0.140228
83 18 0.071339
86 18 0.264774
88 18 0.091712
89 18 0.033100
93 18 0.037968
97 18 0.127146
98 18 0.030218
99 18 0.071624
100 18 0.060180
1 19 0.041236
3 19 0.032560
4 19 0.123990
5 19 0.039197
6 19 0.032881
8 19 0.031896
9 19 0.092932
10 19 0.031959
11 19 0.080721
17 19 0.030301
19 19 1.000000
24 19 0.034419
30 19 0.029427
32 19 0.169901
33 19 0.117798
36 19 0.030974
38 19 0.042096
39 19 0.037410
41 19 0.031982
43 19 0.030085
47 19 0.047376
51 19 0.029973
54 19 0.032304
55 19 0.031962
56 19 0.076396
60 19 0.032320
62 19 0.175501
63 19 0.031712
64 19 0.039574
66 19 0.039054
67 19 0.073302
69 19 0.035155
70 19 0.041502
71 19 0.139378
76 19 0.062556
77 19 0.067013
78 19 0.063835
83 19 0.096541
86 19 0.113711
87 19 0.032658
88 19 0.092252
90 19 0.031306
99 19 0.066174
3 20 0.062399
4 20 0.128751
6 20 0.134156
7 20 0.244481
10 20 0.032737
12 20 0.292495
13 20 0.101042
17 20 0.030541
20 20 1.000000
22 20 0.061441
26 20 0.033628
33 20 0.083423
37 20 0.067339
40 20 0.071670
41 20 0.034222
42 20 0.033333
43 20 0.031555
53 20 0.070472
55 20 0.141700
58 20 0.032583
60 20 0.036126
61 20 0.033423
63 20 0.033684
66 20 0.035179
68 20 0.100331
71 20 0.030968
72 20 0.030753
76 20 0.103816
77 20 0.068316
78 20 0.067092
82 20 0.065856
87 20 0.031952
88 20 0.092793
90 20 0.032008
95 20 0.037163
96 20 0.328486
97 20 0.036717
1 21 0.065055
2 21 0.095527
3 21 0.034486
4 21 0.091712
6 21 0.060180
7 21 0.240405
8 21 0.067826
9 21 0.032322
11 21 0.033821
12 21 0.040812
16 21 0.141894
17 21 0.035055
21 21 1.000000
22 21 0.136786
26 21 0.039283
31 21 0.140565
35 21 0.161996
36 21 0.030285
39 21 0.089347
43 21 0.032063
46 21 0.087027
47 21 0.059696
48 21 0.151978
51 21 0.032230
54 21 0.066210
55 21 0.061969
57 21 0.332177
59 21 0.087027
62 21 0.032455
68 21 0.054450
70 21 0.039511
71 21 0.063775
72 21 0.068314
76 21 0.035856
85 21 0.066572
86 21 0.083423
87 21 0.081548
88 21 0.092432
91 21 0.033559
97 21 0.221395
99 21 0.263143
100 21 0.087027
1 22 0.108846
4 22 0.091712
5 22 0.038586
6 22 0.100550
7 22 0.033628
12 22 0.033041
16 22 0.032881
17 22 0.122568
20 22 0.036341
21 22 0.254048
22 22 1.000000
26 22 0.032450
29 22 0.092911
32 22 0.061081
33 22 0.115506
35 22 0.147387
38 22 0.058471
39 22 0.065537
40 22 0.108211
42 22 0.069324
44 22 0.032793
46 22 0.086306
49 22 0.092603
51 22 0.257663
53 22 0.035856
54 22 0.031490
55 22 0.032838
59 22 0.147387
62 22 0.064099
63 22 0.103287
69 22 0.033761
72 22 0.078918
75 22 0.065783
77 22 0.036912
78 22 0.030585
81 22 0.032086
83 22 0.068205
84 22 0.150003
85 22 0.035455
86 22 0.106295
87 22 0.031017
88 22 0.130468
89 22 0.173241
93 22 0.063717
100 22 0.183728
1 23 0.033017
4 23 0.091712
7 23 0.032629
9 23 0.047219
17 23 0.083243
22 23 0.064342
23 23 1.000000
28 23 0.033157
29 23 0.103402
30 23 0.034874
32 23 0.060180
33 23 0.083423
35 23 0.178272
38 23 0.120191
40 23 0.204047
41 23 0.033448
47 23 0.032076
48 23 0.030735
49 23 0.060180
50 23 0.076239
55 23 0.123466
59 23 0.060180
61 23 0.346636
66 23 0.075135
67 23 0.032809
68 23 0.083740
71 23 0.329651
75 23 0.031233
80 23 0.044309
82 23 0.102447
84 23 0.039835
86 23 0.031722
87 23 0.033324
88 23 0.092613
90 23 0.081261
91 23 0.103349
93 23 0.135697
96 23 0.069638
97 23 0.076704
99 23 0.068094
100 23 0.096840
3 24 0.052407
4 24 0.091351
5 24 0.055538
6 24 0.085045
7 24 0.032423
8 24 0.035450
12 24 0.033686
13 24 0.035964
14 24 0.102067
16 24 0.068533
17 24 0.033818
22 24 0.106848
24 24 1.000000
26 24 0.030221
27 24 0.071521
29 24 0.060601
30 24 0.062307
32 24 0.061802
33 24 0.083423
34 24 0.030631
35 24 0.299228
36 24 0.032730
37 24 0.032838
40 24 0.061802
42 24 0.067268
45 24 0.034414
46 24 0.154459
47 24 0.032748
48 24 0.067806
49 24 0.099128
50 24 0.031152
56 24 0.100386
57 24 0.056757
59 24 0.148468
62 24 0.066332
63 24 0.178504
64 24 0.100718
65 24 0.065111
67 24 0.035796
68 24 0.032548
69 24 0.054667
72 24 0.109126
74 24 0.193425
77 24 0.109422
82 24 0.067642
85 24 0.088470
86 24 0.083604
88 24 0.091532
99 24 0.031310
100 24 0.179820
1 25 0.083423
4 25 0.091712
7 25 0.037753
9 25 0.031441
11 25 0.070243
15 25 0.100617
21 25 0.083423
22 25 0.035426
25 25 1.000000
26 25 0.029566
27 25 0.082825
28 25 0.032132
29 25 0.034445
31 25 0.040000
32 25 0.092909
33 25 0.091712
35 25 0.180744
36 25 0.098188
37 25 0.030390
40 25 0.061081
46 25 0.085766
47 25 0.029948
48 25 0.070839
49 25 0.061081
52 25 0.142863
53 25 0.125167
55 25 0.179914
58 25 0.097305
59 25 0.216163
64 25 0.039865
66 25 0.033453
70 25 0.103975
71 25 0.069489
73 25 0.146136
74 25 0.066667
75 25 0.032502
76 25 0.033514
79 25 0.035775
82 25 0.030455
86 25 0.083423
87 25 0.133726
88 25 0.091351
90 25 0.036062
91 25 0.074955
92 25 0.036036
93 25 0.106451
94 25 0.034099
97 25 0.071105
100 25 0.146847
1 26 0.033423
4 26 0.091712
8 26 0.030811
12 26 0.100296
13 26 0.075672
25 26 0.242811
26 26 1.000000
27 26 0.033018
29 26 0.041802
32 26 0.061802
33 26 0.083423
35 26 0.139440
36 26 0.031716
38 26 0.109097
40 26 0.061802
42 26 0.041117
45 26 0.031975
46 26 0.227686
49 26 0.061802
51 26 0.032008
53 26 0.066843
54 26 0.033333
58 26 0.065362
59 26 0.097826
72 26 0.032197
73 26 0.229968
74 26 0.066667
76 26 0.077762
77 26 0.133025
81 26 0.105567
83 26 0.035676
84 26 0.190398
86 26 0.083423
87 26 0.066697
88 26 0.090991
90 26 0.083423
96 26 0.107181
98 26 0.066847
99 26 0.073264
100 26 0.061802
4 27 0.091712
6 27 0.083784
7 27 0.093502
9 27 0.032502
15 27 0.032528
16 27 0.106558
18 27 0.074117
22 27 0.031552
24 27 0.106678
25 27 0.035766
27 27 1.000000
29 27 0.034375
30 27 0.035209
31 27 0.063398
33 27 0.091712
36 27 0.066478
39 27 0.031729
41 27 0.032629
45 27 0.188154
46 27 0.064476
48 27 0.102204
49 27 0.034392
51 27 0.033640
53 27 0.048996
55 27 0.094421
60 27 0.032297
63 27 0.068288
65 27 0.031437
71 27 0.030173
75 27 0.064896
78 27 0.072311
81 27 0.228742
82 27 0.131555
84 27 0.100740
86 27 0.083423
88 27 0.095676
95 27 0.033378
96 27 0.031789
98 27 0.035290
3 28 0.030705
4 28 0.035158
5 28 0.066395
7 28 0.036806
11 28 0.140767
12 28 0.031304
14 28 0.151292
15 28 0.069488
17 28 0.062565
18 28 0.075240
21 28 0.033063
22 28 0.204143
23 28 0.150336
24 28 0.066802
27 28 0.031918
28 28 1.000000
29 28 0.057663
30 28 0.036919
33 28 0.183594
35 28 0.085946
38 28 0.043067
41 28 0.032811
46 28 0.085946
49 28 0.030793
54 28 0.064135
55 28 0.114848
58 28 0.031593
59 28 0.085946
60 28 0.039603
61 28 0.041037
62 28 0.058154
67 28 0.070283
71 28 0.081862
72 28 0.038605
82 28 0.031288
86 28 0.083423
87 28 0.068609
88 28 0.124204
89 28 0.048322
90 28 0.146758
91 28 0.058378
92 28 0.038018
94 28 0.032831
100 28 0.085946
1 29 0.031577
4 29 0.122522
5 29 0.034082
7 29 0.032387
8 29 0.031728
17 29 0.073306
22 29 0.033403
24 29 0.033972
25 29 0.104263
29 29 1.000000
31 29 0.141668
33 29 0.091531
34 29 0.031233
35 29 0.100205
37 29 0.030390
38 29 0.044175
39 29 0.039809
40 29 0.034001
41 29 0.031615
42 29 0.066724
47 29 0.033333
49 29 0.028910
57 29 0.068988
62 29 0.033446
64 29 0.043370
65 29 0.072830
68 29 0.102838
69 29 0.031757
75 29 0.030894
76 29 0.030906
77 29 0.137303
81 29 0.032088
86 29 0.077658
88 29 0.152038
92 29 0.037788
93 29 0.030147
97 29 0.031850
3 30 0.031272
4 30 0.091712
6 30 0.034184
9 30 0.065811
10 30 0.035942
11 30 0.083063
13 30 0.120208
21 30 0.109330
27 30 0.171182
29 30 0.034054
30 30 1.000000
32 30 0.061802
33 30 0.083423
34 30 0.217535
35 30 0.061802
36 30 0.064259
38 30 0.099778
40 30 0.061802
42 30 0.069752
44 30 0.067300
45 30 0.066667
48 30 0.096877
49 30 0.061802
54 30 0.065646
56 30 0.105286
57 30 0.101336
59 30 0.061802
63 30 0.144309
65 30 0.034902
66 30 0.064310
68 30 0.065541
70 30 0.036036
82 30 0.032782
83 30 0.035415
86 30 0.083243
87 30 0.031175
88 30 0.128726
91 30 0.056834
100 30 0.061802
1 31 0.034458
3 31 0.069280
4 31 0.129943
7 31 0.110061
8 31 0.044273
10 31 0.056022
11 31 0.060411
15 31 0.033790
17 31 0.076133
29 31 0.033489
30 31 0.038288
31 31 1.000000
35 31 0.074123
42 31 0.124179
51 31 0.030094
53 31 0.111628
54 31 0.039676
57 31 0.067551
62 31 0.031252
66 31 0.222131
67 31 0.033208
68 31 0.297126
73 31 0.071528
74 31 0.066847
76 31 0.033018
77 31 0.032590
83 31 0.032241
84 31 0.086016
85 31 0.282577
86 31 0.143581
88 31 0.125160
89 31 0.031772
96 31 0.102861
99 31 0.068995
1 32 0.168856
4 32 0.091712
6 32 0.316061
11 32 0.061829
17 32 0.116911
18 32 0.064023
21 32 0.031340
24 32 0.034045
28 32 0.068551
30 32 0.060927
32 32 1.000000
33 32 0.091531
35 32 0.086486
36 32 0.105478
38 32 0.040185
42 32 0.103468
46 32 0.086486
52 32 0.032701
57 32 0.049886
59 32 0.226372
61 32 0.130162
66 32 0.031937
71 32 0.070991
72 32 0.169220
74 32 0.230893
75 32 0.100879
76 32 0.172601
77 32 0.036204
79 32 0.052227
80 32 0.033698
81 32 0.059102
84 32 0.139736
87 32 0.158542
88 32 0.090991
92 32 0.072499
96 32 0.097278
97 32 0.070811
98 32 0.031733
100 32 0.086486
1 33 0.029987
2 33 0.035360
3 33 0.083243
4 33 0.191355
13 33 0.039620
14 33 0.031703
16 33 0.064431
17 33 0.083243
19 33 0.030811
23 33 0.066667
25 33 0.032881
29 33 0.039580
32 33 0.030185
33 33 1.000000
38 33 0.066667
46 33 0.032072
47 33 0.031852
48 33 0.037261
49 33 0.093316
52 33 0.067251
53 33 0.118893
59 33 0.099532
64 33 0.032256
65 33 0.031712
66 33 0.075135
67 33 0.030371
77 33 0.041093
79 33 0.035846
86 33 0.074955
88 33 0.091712
91 33 0.033333
94 33 0.032006
99 33 0.066875
100 33 0.029390
4 34 0.122371
6 34 0.031952
13 34 0.074775
14 34 0.052110
15 34 0.032484
16 34 0.032686
17 34 0.052110
18 34 0.174800
19 34 0.033111
26 34 0.069634
27 34 0.062829
31 34 0.067654
32 34 0.061982
33 34 0.088108
34 34 1.000000
35 34 0.061982
40 34 0.061982
43 34 0.103791
49 34 0.061982
51 34 0.033041
53 34 0.078018
55 34 0.062837
56 34 0.062267
57 34 0.142780
59 34 0.061982
60 34 0.034617
63 34 0.108485
65 34 0.030935
71 34 0.039219
78 34 0.042887
84 34 0.271100
88 34 0.092613
90 34 0.074955
91 34 0.034347
93 34 0.110170
96 34 0.062883
97 34 0.071351
99 34 0.097588
100 34 0.061982
3 35 0.125133
4 35 0.204937
5 35 0.083522
9 35 0.089211
10 35 0.204142
11 35 0.036247
12 35 0.030885
13 35 0.136208
15 35 0.036491
16 35 0.040667
17 35 0.031723
18 35 0.080105
19 35 0.066132
20 35 0.031892
21 35 0.222192
22 35 0.034234
23 35 0.032072
24 35 0.133900
26 35 0.060927
30 35 0.060927
31 35 0.065700
32 35 0.062342
33 35 0.193259
35 35 1.000000
36 35 0.086218
39 35 0.076282
40 35 0.093354
42 35 0.185476
43 35 0.086298
44 35 0.033896
45 35 0.033127
46 35 0.087748
48 35 0.252410
49 35 0.062342
54 35 0.296008
56 35 0.036247
57 35 0.033557
58 35 0.113253
59 35 0.510746
62 35 0.097065
65 35 0.114890
66 35 0.100591
68 35 0.079192
71 35 0.066847
75 35 0.164732
76 35 0.033501
77 35 0.115759
78 35 0.034541
81 35 0.059102
83 35 0.075546
84 35 0.079640
86 35 0.083423
87 35 0.060927
88 35 0.093153
90 35 0.079279
92 35 0.054636
93 35 0.032083
94 35 0.084435
95 35 0.082192
97 35 0.063063
99 35 0.033333
100 35 0.150090
4 36 0.195259
5 36 0.035164
7 36 0.041847
8 36 0.168063
13 36 0.183247
16 36 0.036721
22 36 0.030224
25 36 0.033559
26 36 0.031223
29 36 0.130738
32 36 0.034252
33 36 0.083243
35 36 0.127759
36 36 1.000000
39 36 0.030062
45 36 0.032728
46 36 0.128500
57 36 0.105318
61 36 0.097177
63 36 0.034798
67 36 0.099212
71 36 0.038378
72 36 0.069128
74 36 0.080034
75 36 0.066267
77 36 0.035500
78 36 0.082889
80 36 0.033269
81 36 0.141188
82 36 0.065549
84 36 0.082883
88 36 0.167294
90 36 0.075135
91 36 0.032793
92 36 0.033448
93 36 0.137742
94 36 0.068725
95 36 0.031254
97 36 0.030925
1 37 0.242886
2 37 0.046023
7 37 0.078038
13 37 0.031862
16 37 0.031751
17 37 0.158586
18 37 0.038318
26 37 0.144349
29 37 0.130868
33 37 0.150986
35 37 0.068219
37 37 1.000000
38 37 0.100952
39 37 0.082703
45 37 0.074775
52 37 0.101718
53 37 0.110302
54 37 0.168573
60 37 0.031299
66 37 0.107721
67 37 0.126172
69 37 0.032568
75 37 0.030748
76 37 0.036126
78 37 0.064546
84 37 0.083243
88 37 0.092432
89 37 0.031493
90 37 0.186310
92 37 0.065946
95 37 0.034040
96 37 0.034072
97 37 0.067387
99 37 0.297100
4 38 0.091712
9 38 0.033098
10 38 0.030390
11 38 0.327919
13 38 0.141077
14 38 0.036807
18 38 0.131287
19 38 0.032198
22 38 0.064702
23 38 0.192685
24 38 0.032141
26 38 0.040934
30 38 0.100953
33 38 0.083243
34 38 0.031971
37 38 0.176830
38 38 1.000000
39 38 0.032099
43 38 0.029927
45 38 0.032050
46 38 0.066532
56 38 0.075135
62 38 0.032432
63 38 0.043018
67 38 0.032432
69 38 0.065419
70 38 0.098955
72 38 0.066667
75 38 0.031952
76 38 0.031149
77 38 0.068455
78 38 0.040822
79 38 0.069821
80 38 0.093123
82 38 0.031341
83 38 0.075135
85 38 0.033919
88 38 0.091712
90 38 0.074955
91 38 0.042264
92 38 0.187703
94 38 0.082883
96 38 0.032547
99 38 0.068455
2 39 0.185792
3 39 0.066527
4 39 0.091712
5 39 0.070598
7 39 0.032920
8 39 0.033530
9 39 0.048163
12 39 0.029868
13 39 0.030857
15 39 0.032922
16 39 0.092162
17 39 0.030631
19 39 0.124144
20 39 0.031975
22 39 0.033176
26 39 0.041224
30 39 0.040216
32 39 0.064212
33 39 0.143146
35 39 0.086486
36 39 0.032623
39 39 1.000000
46 39 0.184257
47 39 0.033198
48 39 0.077731
49 39 0.030304
54 39 0.031405
57 39 0.072336
59 39 0.086486
63 39 0.034841
64 39 0.067028
65 39 0.054930
69 39 0.032907
70 39 0.041107
74 39 0.048672
76 39 0.048589
77 39 0.067956
80 39 0.034389
84 39 0.112050
86 39 0.036338
88 39 0.153513
90 39 0.149122
93 39 0.033514
94 39 0.030122
95 39 0.041959
100 39 0.125967
4 40 0.066736
9 40 0.033098
13 40 0.095219
14 40 0.031667
15 40 0.033957
16 40 0.067021
17 40 0.123983
18 40 0.069186
19 40 0.049886
20 40 0.262373
22 40 0.065366
24 40 0.060927
25 40 0.036757
26 40 0.161979
29 40 0.064505
30 40 0.060927
32 40 0.062342
33 40 0.131946
35 40 0.094225
36 40 0.083316
37 40 0.035775
40 40 1.000000
41 40 0.065289
44 40 0.034234
49 40 0.062342
51 40 0.031980
53 40 0.077119
54 40 0.095268
56 40 0.034225
57 40 0.032690
58 40 0.032019
59 40 0.097310
61 40 0.037974
64 40 0.061866
71 40 0.037297
72 40 0.066075
76 40 0.034705
77 40 0.067720
78 40 0.171944
79 40 0.031667
81 40 0.059102
84 40 0.092483
87 40 0.032737
88 40 0.161612
89 40 0.032016
90 40 0.074955
92 40 0.036036
94 40 0.068601
95 40 0.032682
99 40 0.032142
100 40 0.062342
4 41 0.133767
6 41 0.034349
7 41 0.050887
11 41 0.032729
12 41 0.036362
15 41 0.034209
19 41 0.034009
22 41 0.044637
26 41 0.032093
29 41 0.069251
31 41 0.031839
32 41 0.061441
33 41 0.115126
35 41 0.061441
39 41 0.047548
40 41 0.061441
41 41 1.000000
42 41 0.071464
43 41 0.318919
44 41 0.367132
45 41 0.082638
47 41 0.032432
49 41 0.061441
53 41 0.032613
54 41 0.030922
56 41 0.140184
58 41 0.032910
59 41 0.355237
60 41 0.054728
63 41 0.085167
65 41 0.230581
69 41 0.031828
72 41 0.031763
73 41 0.034762
77 41 0.035248
84 41 0.035813
85 41 0.035987
86 41 0.083243
87 41 0.069540
88 41 0.091171
91 41 0.066935
93 41 0.075135
97 41 0.188727
98 41 0.032297
99 41 0.099642
100 41 0.061441
4 42 0.124655
6 42 0.098662
9 42 0.174093
16 42 0.032797
17 42 0.083423
21 42 0.032779
22 42 0.065964
28 42 0.032252
29 42 0.035180
30 42 0.064886
31 42 0.069250
32 42 0.186780
33 42 0.091712
35 42 0.149550
36 42 0.034099
37 42 0.132097
40 42 0.094322
42 42 1.000000
46 42 0.087387
47 42 0.059582
48 42 0.226849
49 42 0.098563
50 42 0.069212
53 42 0.033826
55 42 0.192537
56 42 0.183020
59 42 0.149550
60 42 0.032992
62 42 0.113657
64 42 0.031298
67 42 0.034803
70 42 0.054902
71 42 0.102798
72 42 0.144606
73 42 0.034581
75 42 0.033694
77 42 0.107515
81 42 0.031644
82 42 0.063715
84 42 0.105600
86 42 0.149804
88 42 0.188573
90 42 0.067224
92 42 0.032617
93 42 0.083243
96 42 0.030583
97 42 0.040687
99 42 0.133499
100 42 0.149550
1 43 0.040901
2 43 0.033377
4 43 0.091712
6 43 0.039783
10 43 0.101516
11 43 0.076216
12 43 0.067664
13 43 0.102072
15 43 0.143063
16 43 0.091865
17 43 0.083604
19 43 0.035417
27 43 0.035058
30 43 0.032063
31 43 0.033634
33 43 0.091712
35 43 0.087568
38 43 0.075135
41 43 0.060074
42 43 0.035793
43 43 1.000000
44 43 0.581757
45 43 0.032340
46 43 0.087568
47 43 0.032340
48 43 0.033694
51 43 0.061761
53 43 0.033518
57 43 0.093599
58 43 0.033460
59 43 0.087568
63 43 0.067027
65 43 0.072947
68 43 0.056327
70 43 0.115792
72 43 0.066847
76 43 0.032613
77 43 0.067013
80 43 0.074955
83 43 0.100955
86 43 0.075315
88 43 0.090991
90 43 0.090047
91 43 0.039043
98 43 0.166669
99 43 0.146581
100 43 0.087568
3 44 0.031982
4 44 0.091712
7 44 0.101579
8 44 0.144776
11 44 0.082342
19 44 0.033694
21 44 0.036877
23 44 0.066667
25 44 0.060417
30 44 0.030224
32 44 0.035593
33 44 0.083243
35 44 0.078419
37 44 0.033919
38 44 0.067831
39 44 0.037185
41 44 0.551645
42 44 0.068356
43 44 0.504457
44 44 1.000000
45 44 0.066667
47 44 0.048149
48 44 0.032883
51 44 0.098559
55 44 0.062347
56 44 0.074955
60 44 0.072871
62 44 0.063379
63 44 0.033613
66 44 0.035698
69 44 0.030955
70 44 0.093089
75 44 0.102278
76 44 0.040667
77 44 0.069979
87 44 0.031210
88 44 0.096396
89 44 0.062654
90 44 0.075135
96 44 0.031391
100 44 0.032687
4 45 0.091712
5 45 0.030330
6 45 0.147529
7 45 0.060964
11 45 0.032696
13 45 0.176255
15 45 0.056293
17 45 0.037428
18 45 0.031007
21 45 0.075135
22 45 0.102591
23 45 0.032550
24 45 0.033768
25 45 0.070210
28 45 0.031291
30 45 0.033808
33 45 0.192170
37 45 0.070801
44 45 0.034775
45 45 1.000000
46 45 0.066599
54 45 0.106130
55 45 0.174297
59 45 0.147951
67 45 0.108465
69 45 0.066939
71 45 0.032517
75 45 0.475475
79 45 0.071028
83 45 0.064255
85 45 0.071446
86 45 0.081261
88 45 0.085225
90 45 0.075135
92 45 0.031740
96 45 0.030463
97 45 0.071960
98 45 0.066667
99 45 0.068039
2 46 0.184454
4 46 0.091712
9 46 0.160178
10 46 0.066818
18 46 0.042162
21 46 0.159309
23 46 0.216489
24 46 0.067793
30 46 0.030899
31 46 0.261690
33 46 0.091712
35 46 0.087748
36 46 0.031553
38 46 0.118220
39 46 0.034595
42 46 0.084891
43 46 0.118010
44 46 0.032072
46 46 1.000000
47 46 0.062018
54 46 0.084891
55 46 0.037631
56 46 0.111285
58 46 0.080898
59 46 0.087748
64 46 0.032437
65 46 0.032111
68 46 0.349929
69 46 0.063806
73 46 0.033488
74 46 0.066486
75 46 0.152262
77 46 0.082192
83 46 0.031017
84 46 0.079640
86 46 0.077477
87 46 0.030838
88 46 0.091351
94 46 0.088288
99 46 0.067277
100 46 0.087748
1 47 0.083243
3 47 0.041355
4 47 0.122334
6 47 0.060120
13 47 0.033574
14 47 0.109136
15 47 0.103988
22 47 0.167307
24 47 0.031892
32 47 0.061081
33 47 0.083243
34 47 0.034420
35 47 0.061081
38 47 0.074775
40 47 0.061081
41 47 0.174650
42 47 0.071509
45 47 0.031712
47 47 1.000000
48 47 0.035121
49 47 0.061081
51 47 0.063919
52 47 0.031478
53 47 0.082883
56 47 0.041318
57 47 0.109798
59 47 0.097915
65 47 0.038135
66 47 0.136395
67 47 0.036116
68 47 0.056541
69 47 0.242705
70 47 0.064280
71 47 0.034216
72 47 0.066847
73 47 0.030488
78 47 0.030525
80 47 0.098091
83 47 0.080721
85 47 0.053094
86 47 0.083243
88 47 0.129659
90 47 0.080541
93 47 0.102154
95 47 0.030769
100 47 0.061081
2 48 0.049481
3 48 0.037210
4 48 0.091712
5 48 0.039679
10 48 0.031646
13 48 0.066667
15 48 0.141370
16 48 0.177432
17 48 0.122852
18 48 0.072148
19 48 0.034505
21 48 0.041085
22 48 0.070332
23 48 0.032634
25 48 0.149331
27 48 0.031287
30 48 0.039694
32 48 0.061081
33 48 0.147451
35 48 0.414580
37 48 0.032553
38 48 0.075944
39 48 0.032907
40 48 0.126788
42 48 0.135679
43 48 0.072528
44 48 0.035158
45 48 0.165057
46 48 0.085766
48 48 1.000000
49 48 0.061081
55 48 0.034750
57 48 0.031990
59 48 0.248121
60 48 0.066071
63 48 0.167280
67 48 0.168491
71 48 0.074114
72 48 0.065948
78 48 0.061542
79 48 0.062420
86 48 0.033468
88 48 0.092973
89 48 0.034018
92 48 0.065167
100 48 0.146847
3 49 0.033387
4 49 0.091712
5 49 0.064447
6 49 0.031202
13 49 0.108374
15 49 0.085580
18 49 0.032613
19 49 0.097916
20 49 0.085468
21 49 0.075135
22 49 0.035288
23 49 0.037680
24 49 0.060927
26 49 0.102872
28 49 0.064944
30 49 0.060927
32 49 0.062342
33 49 0.150025
34 49 0.064981
35 49 0.062342
36 49 0.052042
38 49 0.064395
40 49 0.062342
42 49 0.270561
44 49 0.034932
46 49 0.067770
47 49 0.030360
49 49 1.000000
54 49 0.034414
57 49 0.034122
58 49 0.138183
59 49 0.127972
61 49 0.059102
67 49 0.062522
69 49 0.033649
70 49 0.067409
77 49 0.165108
78 49 0.035180
81 49 0.095598
84 49 0.060006
86 49 0.079459
87 49 0.060927
88 49 0.093514
90 49 0.075135
91 49 0.060381
97 49 0.034986
98 49 0.067636
100 49 0.254677
1 50 0.038880
4 50 0.094955
5 50 0.038911
7 50 0.039345
10 50 0.058198
16 50 0.032063
17 50 0.083243
19 50 0.031975
21 50 0.033716
28 50 0.069237
29 50 0.034761
31 50 0.137944
33 50 0.063158
38 50 0.098095
39 50 0.037680
44 50 0.031171
45 50 0.104381
50 50 1.000000
52 50 0.032072
56 50 0.110142
61 50 0.034414
63 50 0.060999
66 50 0.102548
69 50 0.200761
70 50 0.071518
75 50 0.033928
83 50 0.067072
85 50 0.032965
88 50 0.190595
89 50 0.031023
90 50 0.083243
91 50 0.130523
94 50 0.084685
98 50 0.128365
99 50 0.069161
100 50 0.031795
1 51 0.123179
4 51 0.127012
5 51 0.094586
9 51 0.099757
16 51 0.067733
18 51 0.029994
22 51 0.098567
24 51 0.062343
25 51 0.060417
27 51 0.031267
31 51 0.035676
33 51 0.091712
40 51 0.033339
41 51 0.060964
44 51 0.029910
45 51 0.031466
46 51 0.065968
48 51 0.098201
51 51 1.000000
52 51 0.034099
56 51 0.031197
58 51 0.071431
63 51 0.106297
69 51 0.070391
70 51 0.040386
75 51 0.035966
77 51 0.035959
80 51 0.036608
82 51 0.032198
86 51 0.091712
87 51 0.032228
88 51 0.155268
90 51 0.083243
92 51 0.068045
95 51 0.036493
96 51 0.063170
97 51 0.140422
99 51 0.100236
1 52 0.038227
4 52 0.091712
6 52 0.099655
7 52 0.158786
10 52 0.093639
11 52 0.041198
17 52 0.083243
22 52 0.067875
25 52 0.083515
27 52 0.031042
30 52 0.029958
31 52 0.063680
33 52 0.083243
35 52 0.031246
37 52 0.038926
40 52 0.098885
42 52 0.035856
47 52 0.031216
49 52 0.033613
52 52 1.000000
56 52 0.063655
61 52 0.086126
64 52 0.224456
66 52 0.031966
72 52 0.491335
73 52 0.217090
74 52 0.033935
78 52 0.045146
82 52 0.037191
85 52 0.072369
88 52 0.031667
89 52 0.036078
91 52 0.029486
96 52 0.099150
97 52 0.066667
99 52 0.101691
1 53 0.035273
3 53 0.095024
4 53 0.091531
5 53 0.100584
6 53 0.034428
9 53 0.034715
11 53 0.058946
12 53 0.136980
13 53 0.041289
19 53 0.101584
21 53 0.075135
22 53 0.038522
31 53 0.032017
32 53 0.034154
33 53 0.125708
35 53 0.121634
36 53 0.067851
37 53 0.033748
41 53 0.216370
44 53 0.039936
45 53 0.038630
46 53 0.119279
47 53 0.064735
50 53 0.068297
51 53 0.210083
53 53 1.000000
55 53 0.218409
56 53 0.075135
59 53 0.467629
66 53 0.069929
68 53 0.062162
70 53 0.034665
71 53 0.074955
72 53 0.064749
78 53 0.066137
79 53 0.030811
84 53 0.261828
88 53 0.090631
89 53 0.034929
96 53 0.074955
100 53 0.085045
1 54 0.071588
2 54 0.031291
4 54 0.121684
6 54 0.084324
7 54 0.235006
10 54 0.031866
12 54 0.142013
20 54 0.035869
21 54 0.087928
24 54 0.100352
25 54 0.031832
27 54 0.032340
28 54 0.073720
29 54 0.031763
32 54 0.061982
33 54 0.087928
35 54 0.341005
37 54 0.138257
38 54 0.078800
40 54 0.097377
43 54 0.031813
44 54 0.033144
45 54 0.062883
46 54 0.087387
48 54 0.040444
49 54 0.061982
51 54 0.065110
52 54 0.125909
54 54 1.000000
59 54 0.149369
62 54 0.052111
72 54 0.032407
73 54 0.105059
74 54 0.033333
78 54 0.034820
79 54 0.052111
80 54 0.032682
82 54 0.034826
86 54 0.083423
87 54 0.066891
88 54 0.091892
97 54 0.140625
100 54 0.427605
1 55 0.042806
2 55 0.033050
4 55 0.125175
8 55 0.115500
10 55 0.066802
11 55 0.032368
12 55 0.071232
15 55 0.036139
16 55 0.036685
20 55 0.138285
23 55 0.316244
25 55 0.101298
33 55 0.084865
34 55 0.082513
42 55 0.033848
45 55 0.067039
46 55 0.032376
49 55 0.053023
51 55 0.104043
55 55 1.000000
56 55 0.031405
65 55 0.031907
66 55 0.159212
67 55 0.034715
69 55 0.083733
72 55 0.040380
77 55 0.320452
88 55 0.091712
89 55 0.105132
90 55 0.076216
93 55 0.035009
97 55 0.076216
98 55 0.073460
99 55 0.036697
1 56 0.029937
4 56 0.126678
5 56 0.076390
6 56 0.088108
15 56 0.068002
16 56 0.129587
17 56 0.083243
21 56 0.034900
27 56 0.040420
29 56 0.038679
30 56 0.032072
33 56 0.043230
35 56 0.037759
39 56 0.103751
41 56 0.031908
42 56 0.133993
44 56 0.033919
48 56 0.074793
50 56 0.032918
55 56 0.062493
56 56 1.000000
59 56 0.074639
61 56 0.031223
62 56 0.034098
63 56 0.400870
67 56 0.035495
75 56 0.041081
77 56 0.071199
82 56 0.032423
83 56 0.031656
86 56 0.074955
87 56 0.105177
88 56 0.124746
92 56 0.032930
93 56 0.065201
94 56 0.101835
96 56 0.030502
99 56 0.032072
1 57 0.031646
4 57 0.091531
5 57 0.035192
10 57 0.034459
13 57 0.102264
17 57 0.073477
18 57 0.034974
20 57 0.033278
21 57 0.241387
24 57 0.034128
27 57 0.066443
30 57 0.096191
31 57 0.043904
32 57 0.034668
33 57 0.085405
34 57 0.032797
35 57 0.041622
36 57 0.068633
38 57 0.036349
39 57 0.074250
44 57 0.070552
45 57 0.032883
47 57 0.062824
49 57 0.031993
50 57 0.065319
52 57 0.033553
55 57 0.095440
57 57 1.000000
59 57 0.067264
61 57 0.034820
62 57 0.031853
63 57 0.064896
67 57 0.036150
70 57 0.033393
71 57 0.033826
72 57 0.034389
73 57 0.056689
74 57 0.068359
76 57 0.032745
80 57 0.033213
81 57 0.266501
83 57 0.032918
86 57 0.194611
88 57 0.090811
90 57 0.032973
93 57 0.031368
94 57 0.065047
1 58 0.078082
2 58 0.031351
4 58 0.159942
7 58 0.032692
8 58 0.193784
12 58 0.059003
18 58 0.036843
28 58 0.041539
29 58 0.066614
33 58 0.119180
34 58 0.068009
35 58 0.117194
36 58 0.032984
39 58 0.069154
42 58 0.035676
43 58 0.029932
45 58 0.063012
46 58 0.184910
49 58 0.129022
50 58 0.049633
53 58 0.067480
55 58 0.035174
56 58 0.036914
58 58 1.000000
59 58 0.121737
60 58 0.031024
64 58 0.066839
67 58 0.067393
70 58 0.042561
71 58 0.030158
81 58 0.030575
82 58 0.031966
88 58 0.091532
90 58 0.040486
91 58 0.030214
93 58 0.114704
95 58 0.062235
96 58 0.065256
98 58 0.102984
99 58 0.067554
100 58 0.086847
2 59 0.061223
4 59 0.091532
5 59 0.083522
7 59 0.146889
8 59 0.156048
10 59 0.066818
11 59 0.109356
12 59 0.067934
13 59 0.062703
15 59 0.039777
21 59 0.394612
22 59 0.033735
23 59 0.058875
24 59 0.060927
26 59 0.093207
30 59 0.060927
32 59 0.062342
33 59 0.121530
34 59 0.063483
35 59 0.296956
36 59 0.052042
37 59 0.032902
38 59 0.041986
40 59 0.098151
43 59 0.157388
46 59 0.087748
49 59 0.062342
53 59 0.044035
54 59 0.061395
56 59 0.140806
58 59 0.080898
59 59 1.000000
61 59 0.142849
62 59 0.033243
63 59 0.116517
64 59 0.295608
65 59 0.125789
74 59 0.075508
75 59 0.186019
77 59 0.082192
78 59 0.076764
80 59 0.072677
81 59 0.059102
84 59 0.115366
87 59 0.060927
88 59 0.126644
89 59 0.033311
92 59 0.070788
96 59 0.066486
98 59 0.068316
100 59 0.150090
4 60 0.091712
5 60 0.063409
6 60 0.090571
9 60 0.065459
10 60 0.030380
14 60 0.108655
17 60 0.119929
19 60 0.031059
26 60 0.032072
29 60 0.032308
30 60 0.117770
31 60 0.037958
35 60 0.086667
36 60 0.069023
38 60 0.074322
39 60 0.037185
43 60 0.169491
46 60 0.086667
54 60 0.032991
59 60 0.086667
60 60 1.000000
61 60 0.036900
62 60 0.066490
67 60 0.045780
72 60 0.101516
73 60 0.055974
74 60 0.036493
75 60 0.068069
77 60 0.107322
82 60 0.072268
86 60 0.033421
87 60 0.194823
88 60 0.189131
93 60 0.038930
96 60 0.034723
97 60 0.210478
99 60 0.033398
100 60 0.119069
1 61 0.053050
2 61 0.070210
4 61 0.134279
7 61 0.050944
10 61 0.100661
11 61 0.034192
13 61 0.076927
20 61 0.056486
21 61 0.040172
22 61 0.145775
23 61 0.122973
24 61 0.034349
25 61 0.137009
27 61 0.101700
28 61 0.111505
32 61 0.162972
33 61 0.083423
35 61 0.147568
36 61 0.067643
37 61 0.069075
40 61 0.122836
45 61 0.094796
46 61 0.086486
49 61 0.061081
50 61 0.033145
51 61 0.033832
56 61 0.142266
58 61 0.031121
59 61 0.147568
60 61 0.038546
61 61 1.000000
63 61 0.204090
67 61 0.031936
68 61 0.243018
69 61 0.068407
77 61 0.069938
78 61 0.078602
84 61 0.036532
88 61 0.091532
89 61 0.050631
92 61 0.036699
93 61 0.088649
95 61 0.082320
96 61 0.066667
99 61 0.069938
100 61 0.147568
1 62 0.066765
4 62 0.123979
6 62 0.032162
13 62 0.075135
15 62 0.037735
18 62 0.099135
19 62 0.083916
21 62 0.040544
24 62 0.035610
26 62 0.039574
27 62 0.064138
28 62 0.041085
31 62 0.033266
33 62 0.091531
34 62 0.031309
36 62 0.030719
38 62 0.071291
42 62 0.138063
46 62 0.097232
48 62 0.103409
55 62 0.071957
56 62 0.139768
58 62 0.030811
59 62 0.141061
60 62 0.032460
61 62 0.082342
62 62 1.000000
63 62 0.066847
66 62 0.037825
72 62 0.099775
73 62 0.191397
78 62 0.031291
82 62 0.103386
86 62 0.033502
88 62 0.092252
90 62 0.036247
91 62 0.069175
94 62 0.028857
100 62 0.033027
1 63 0.161375
3 63 0.066509
4 63 0.091712
10 63 0.165821
17 63 0.050213
18 63 0.215541
19 63 0.066066
22 63 0.067862
24 63 0.278687
28 63 0.166895
29 63 0.030982
31 63 0.058035
32 63 0.060360
34 63 0.068182
35 63 0.293621
37 63 0.033107
38 63 0.042540
39 63 0.037500
40 63 0.060360
43 63 0.033853
46 63 0.085586
49 63 0.128329
52 63 0.034070
53 63 0.037088
55 63 0.096215
56 63 0.031092
59 63 0.484970
63 63 1.000000
66 63 0.034550
70 63 0.082162
71 63 0.034128
75 63 0.034661
77 63 0.231932
82 63 0.088028
83 63 0.033088
86 63 0.122905
88 63 0.090991
95 63 0.070743
99 63 0.034179
100 63 0.180055
2 64 0.035235
3 64 0.147230
4 64 0.091712
5 64 0.140094
6 64 0.032613
7 64 0.050450
8 64 0.033999
10 64 0.030106
11 64 0.036577
12 64 0.030888
13 64 0.042260
15 64 0.034488
17 64 0.146604
18 64 0.031429
19 64 0.032342
21 64 0.083423
24 64 0.188690
30 64 0.031785
32 64 0.062162
33 64 0.083423
35 64 0.215426
38 64 0.066667
39 64 0.030938
40 64 0.062162
41 64 0.048981
42 64 0.034932
44 64 0.037605
45 64 0.067928
46 64 0.084865
48 64 0.096752
49 64 0.115415
50 64 0.031649
51 64 0.062883
57 64 0.099897
59 64 0.412743
60 64 0.040422
61 64 0.066347
64 64 1.000000
67 64 0.068277
68 64 0.034208
71 64 0.066847
74 64 0.032058
75 64 0.064162
76 64 0.038306
77 64 0.296628
80 64 0.035466
81 64 0.072406
82 64 0.064131
85 64 0.034414
86 64 0.083423
88 64 0.091712
89 64 0.032408
91 64 0.042748
93 64 0.037688
94 64 0.100564
95 64 0.043117
100 64 0.147027
4 65 0.091712
5 65 0.032973
6 65 0.149350
8 65 0.031577
13 65 0.141332
17 65 0.080450
21 65 0.035676
24 65 0.080360
26 65 0.040225
27 65 0.137139
31 65 0.033050
35 65 0.227694
37 65 0.067282
40 65 0.071655
41 65 0.302161
46 65 0.184657
50 65 0.099038
51 65 0.058378
53 65 0.043461
55 65 0.062820
59 65 0.087207
62 65 0.031306
63 65 0.074414
64 65 0.032658
65 65 1.000000
70 65 0.109243
72 65 0.032230
75 65 0.176270
78 65 0.126461
80 65 0.037741
82 65 0.032042
86 65 0.086486
88 65 0.089910
90 65 0.137695
95 65 0.053694
97 65 0.088337
98 65 0.035598
100 65 0.087207
4 66 0.091712
7 66 0.033044
8 66 0.063608
9 66 0.140530
11 66 0.161229
13 66 0.035878
16 66 0.134414
18 66 0.035000
20 66 0.068514
21 66 0.124951
22 66 0.068596
25 66 0.215514
30 66 0.068135
33 66 0.091531
34 66 0.177062
38 66 0.114236
42 66 0.103361
48 66 0.034788
50 66 0.032007
51 66 0.033580
53 66 0.100703
55 66 0.133360
56 66 0.074955
59 66 0.040288
62 66 0.032928
66 66 1.000000
72 66 0.031781
75 66 0.066157
81 66 0.031248
84 66 0.073467
85 66 0.037218
88 66 0.091171
89 66 0.034620
90 66 0.075135
97 66 0.066486
98 66 0.066667
99 66 0.067595
4 67 0.091712
5 67 0.033401
6 67 0.032353
8 67 0.068765
15 67 0.179402
29 67 0.066636
31 67 0.038138
32 67 0.060360
33 67 0.032928
35 67 0.145405
36 67 0.032050
38 67 0.064847
39 67 0.037140
40 67 0.060360
45 67 0.039682
46 67 0.114808
48 67 0.069561
49 67 0.060360
56 67 0.029647
57 67 0.030781
59 67 0.395827
62 67 0.030811
64 67 0.033581
66 67 0.040664
67 67 1.000000
77 67 0.037600
79 67 0.037230
82 67 0.060246
83 67 0.061192
86 67 0.138490
88 67 0.092072
93 67 0.075135
95 67 0.034820
96 67 0.098049
97 67 0.232063
98 67 0.126982
100 67 0.176367
2 68 0.035956
4 68 0.091712
7 68 0.110761
18 68 0.062102
23 68 0.079173
32 68 0.060901
33 68 0.117183
35 68 0.172419
38 68 0.112977
39 68 0.065957
40 68 0.060901
42 68 0.032973
43 68 0.122629
44 68 0.035430
46 68 0.188449
48 68 0.037250
49 68 0.060901
50 68 0.159237
55 68 0.034347
57 68 0.032502
59 68 0.060901
61 68 0.199724
63 68 0.043209
64 68 0.135227
68 68 1.000000
73 68 0.036119
75 68 0.032532
84 68 0.366419
86 68 0.138798
87 68 0.034167
88 68 0.313346
89 68 0.033385
90 68 0.231507
92 68 0.341514
95 68 0.344039
98 68 0.066667
99 68 0.182437
100 68 0.060901
1 69 0.063878
2 69 0.033123
4 69 0.091712
5 69 0.031647
10 69 0.031509
12 69 0.035948
13 69 0.029536
17 69 0.062012
19 69 0.037366
22 69 0.032568
28 69 0.036917
31 69 0.036937
34 69 0.033559
35 69 0.068801
36 69 0.129649
39 69 0.030438
44 69 0.058378
45 69 0.034200
46 69 0.133815
47 69 0.030360
50 69 0.129934
53 69 0.084865
58 69 0.034820
59 69 0.066343
63 69 0.073879
67 69 0.065991
69 69 1.000000
72 69 0.034131
75 69 0.030745
83 69 0.068415
84 69 0.071361
86 69 0.034109
87 69 0.033642
88 69 0.091351
89 69 0.032775
90 69 0.078919
91 69 0.105585
93 69 0.038559
96 69 0.062281
97 69 0.034595
99 69 0.067374
4 70 0.091712
5 70 0.033243
6 70 0.071250
8 70 0.065963
10 70 0.035589
14 70 0.031413
15 70 0.032905
17 70 0.034144
19 70 0.066644
24 70 0.069932
26 70 0.029926
28 70 0.031552
29 70 0.040721
33 70 0.091531
35 70 0.085946
38 70 0.261920
39 70 0.065443
46 70 0.085946
47 70 0.032377
50 70 0.033243
51 70 0.105452
53 70 0.148704
54 70 0.033282
57 70 0.068841
58 70 0.055357
59 70 0.085946
61 70 0.098510
63 70 0.100774
65 70 0.138060
70 70 1.000000
75 70 0.037417
78 70 0.073685
79 70 0.105311
81 70 0.029901
85 70 0.036961
87 70 0.103554
88 70 0.089550
89 70 0.031783
90 70 0.102173
92 70 0.033504
95 70 0.040594
99 70 0.105694
100 70 0.085946
1 71 0.083423
2 71 0.035180
4 71 0.091712
12 71 0.082095
18 71 0.031502
20 71 0.056322
21 71 0.116036
23 71 0.333929
26 71 0.034440
27 71 0.067381
28 71 0.139575
37 71 0.065141
44 71 0.032973
45 71 0.071402
50 71 0.034664
51 71 0.073934
52 71 0.065532
55 71 0.104024
56 71 0.069287
58 71 0.066393
62 71 0.031643
66 71 0.033320
71 71 1.000000
72 71 0.032568
73 71 0.135711
74 71 0.109102
75 71 0.065243
78 71 0.030631
82 71 0.051055
86 71 0.091531
88 71 0.093874
89 71 0.031115
90 71 0.075135
92 71 0.101793
94 71 0.085045
99 71 0.068995
100 71 0.110671
1 72 0.032859
4 72 0.091712
5 72 0.034252
6 72 0.073613
9 72 0.032973
11 72 0.095883
12 72 0.033861
13 72 0.066667
16 72 0.061790
20 72 0.030878
22 72 0.111882
24 72 0.029400
26 72 0.031158
28 72 0.179101
32 72 0.060000
33 72 0.083243
35 72 0.060000
40 72 0.094829
44 72 0.097069
46 72 0.067950
48 72 0.084052
49 72 0.060000
51 72 0.033460
52 72 0.375242
53 72 0.066766
57 72 0.068489
58 72 0.031577
59 72 0.060000
60 72 0.032072
66 72 0.073362
67 72 0.034070
69 72 0.086701
70 72 0.032587
71 72 0.031466
72 72 1.000000
76 72 0.032199
77 72 0.067374
82 72 0.029861
86 72 0.028949
88 72 0.090631
90 72 0.081802
91 72 0.030219
92 72 0.033694
96 72 0.066667
99 72 0.067374
100 72 0.060000
2 73 0.033267
4 73 0.091712
5 73 0.032423
9 73 0.035698
11 73 0.111413
12 73 0.065815
16 73 0.037174
17 73 0.033087
19 73 0.033129
21 73 0.075135
23 73 0.037971
24 73 0.041058
26 73 0.031198
28 73 0.102115
29 73 0.032973
33 73 0.033570
36 73 0.035659
41 73 0.066816
42 73 0.077904
45 73 0.032917
46 73 0.065608
52 73 0.036384
58 73 0.030735
60 73 0.037579
62 73 0.283837
67 73 0.060721
69 73 0.030011
70 73 0.063955
73 73 1.000000
78 73 0.037398
79 73 0.031351
84 73 0.185205
86 73 0.083243
87 73 0.063718
88 73 0.091532
92 73 0.100092
96 73 0.103522
98 73 0.075135
3 74 0.037102
4 74 0.091712
5 74 0.079385
12 74 0.032149
18 74 0.035608
19 74 0.033604
21 74 0.143784
23 74 0.041997
24 74 0.062693
26 74 0.029910
32 74 0.254837
33 74 0.083423
40 74 0.068069
48 74 0.064205
49 74 0.031952
56 74 0.068182
62 74 0.030552
71 74 0.122151
74 74 1.000000
75 74 0.099130
78 74 0.034554
82 74 0.032902
83 74 0.075135
85 74 0.033776
86 74 0.030478
88 74 0.092252
89 74 0.033018
92 74 0.090315
93 74 0.098815
96 74 0.031585
97 74 0.152440
3 75 0.032197
4 75 0.123318
5 75 0.030769
9 75 0.111706
12 75 0.064382
13 75 0.062883
22 75 0.073490
32 75 0.062162
33 75 0.091712
34 75 0.032918
35 75 0.226240
38 75 0.070272
39 75 0.047190
40 75 0.062162
42 75 0.169076
43 75 0.033945
44 75 0.040631
45 75 0.386468
46 75 0.155180
49 75 0.062162
50 75 0.145122
54 75 0.034474
57 75 0.207771
59 75 0.216981
63 75 0.112312
68 75 0.034710
72 75 0.070476
74 75 0.032905
75 75 1.000000
76 75 0.038486
77 75 0.270468
87 75 0.031918
88 75 0.162649
90 75 0.074955
91 75 0.034273
92 75 0.063392
93 75 0.034414
94 75 0.030962
100 75 0.297126
2 76 0.035180
9 76 0.065069
13 76 0.052723
19 76 0.101430
20 76 0.032432
27 76 0.030719
28 76 0.063048
29 76 0.036697
32 76 0.032574
33 76 0.083423
35 76 0.149037
38 76 0.144064
40 76 0.030301
43 76 0.030914
44 76 0.063775
46 76 0.118299
55 76 0.031702
56 76 0.032072
57 76 0.030938
59 76 0.354798
68 76 0.105542
70 76 0.033378
76 76 1.000000
78 76 0.033168
79 76 0.031879
85 76 0.029984
86 76 0.077838
88 76 0.140270
90 76 0.030811
97 76 0.065965
100 76 0.152454
2 77 0.030658
3 77 0.037465
4 77 0.091712
6 77 0.059640
12 77 0.038831
15 77 0.071067
16 77 0.073767
17 77 0.035292
19 77 0.054335
23 77 0.074740
26 77 0.067779
29 77 0.145845
30 77 0.031036
32 77 0.069522
33 77 0.121869
35 77 0.227403
36 77 0.066494
37 77 0.032743
38 77 0.066667
41 77 0.177031
42 77 0.067973
46 77 0.087027
49 77 0.033243
50 77 0.049198
53 77 0.123000
59 77 0.217262
60 77 0.062740
63 77 0.107678
64 77 0.385958
66 77 0.074472
69 77 0.099231
75 77 0.118113
77 77 1.000000
78 77 0.063827
79 77 0.093294
83 77 0.225460
86 77 0.068803
87 77 0.066144
88 77 0.092432
90 77 0.080000
91 77 0.052394
96 77 0.074955
97 77 0.144335
100 77 0.087027
4 78 0.091712
6 78 0.180055
8 78 0.141223
9 78 0.032377
14 78 0.062342
18 78 0.066486
20 78 0.063754
22 78 0.032093
25 78 0.070262
33 78 0.072664
35 78 0.178890
40 78 0.032570
44 78 0.030478
46 78 0.065811
48 78 0.102899
50 78 0.098660
56 78 0.075495
58 78 0.033966
64 78 0.198490
69 78 0.031733
70 78 0.045624
72 78 0.040406
74 78 0.065006
77 78 0.080389
78 78 1.000000
79 78 0.035955
80 78 0.031689
82 78 0.034374
86 78 0.079279
88 78 0.091712
92 78 0.032189
93 78 0.066338
4 79 0.091531
9 79 0.062950
17 79 0.083243
19 79 0.030606
20 79 0.098689
21 79 0.033919
22 79 0.065076
23 79 0.032017
27 79 0.066036
29 79 0.038378
30 79 0.030114
33 79 0.226251
37 79 0.031655
39 79 0.030466
43 79 0.067022
44 79 0.069691
45 79 0.162025
48 79 0.155523
49 79 0.031892
51 79 0.030658
54 79 0.070719
56 79 0.075315
59 79 0.067348
61 79 0.120677
70 79 0.101977
75 79 0.039459
76 79 0.046452
78 79 0.032432
79 79 1.000000
80 79 0.031366
82 79 0.067915
83 79 0.032973
85 79 0.268898
86 79 0.074955
87 79 0.039297
93 79 0.032050
97 79 0.042669
98 79 0.068309
4 80 0.091712
5 80 0.032072
7 80 0.034465
10 80 0.065949
19 80 0.082890
23 80 0.037194
26 80 0.064298
30 80 0.034054
32 80 0.103078
33 80 0.130539
37 80 0.033694
38 80 0.040725
42 80 0.067162
46 80 0.065833
54 80 0.166928
55 80 0.035186
57 80 0.098519
59 80 0.145411
63 80 0.036216
67 80 0.031738
68 80 0.294478
69 80 0.032208
71 80 0.037146
80 80 1.000000
84 80 0.323282
88 80 0.092432
89 80 0.030653
91 80 0.058619
93 80 0.064261
94 80 0.184923
97 80 0.032587
99 80 0.039871
100 80 0.119531
3 81 0.063348
4 81 0.091531
11 81 0.034599
12 81 0.034889
13 81 0.044438
14 81 0.036202
15 81 0.066802
18 81 0.142825
21 81 0.264302
24 81 0.063754
27 81 0.050450
32 81 0.061081
33 81 0.083423
35 81 0.061081
36 81 0.033884
38 81 0.099685
39 81 0.032093
40 81 0.061081
42 81 0.068468
44 81 0.032484
45 81 0.169595
48 81 0.099265
49 81 0.061081
52 81 0.031662
56 81 0.160036
58 81 0.040060
59 81 0.095235
61 81 0.038584
62 81 0.038049
63 81 0.072252
71 81 0.036169
74 81 0.207087
77 81 0.036279
78 81 0.039684
81 81 1.000000
86 81 0.040248
87 81 0.064727
88 81 0.089550
90 81 0.116885
91 81 0.031351
93 81 0.080540
96 81 0.072072
97 81 0.035196
100 81 0.061081
4 82 0.122065
5 82 0.064196
9 82 0.032280
15 82 0.031419
16 82 0.061334
19 82 0.031141
20 82 0.031952
21 82 0.040544
22 82 0.135260
24 82 0.067342
29 82 0.034359
30 82 0.032725
33 82 0.085586
34 82 0.030270
36 82 0.029730
41 82 0.051441
47 82 0.032590
48 82 0.061802
50 82 0.031493
51 82 0.063898
53 82 0.043101
54 82 0.035720
55 82 0.062837
57 82 0.031171
61 82 0.035653
62 82 0.068125
66 82 0.072520
67 82 0.099882
69 82 0.032630
78 82 0.028870
80 82 0.064609
82 82 1.000000
88 82 0.167065
89 82 0.035882
90 82 0.176099
92 82 0.031372
93 82 0.065269
94 82 0.064376
96 82 0.087282
98 82 0.163527
100 82 0.054879
4 83 0.091712
5 83 0.031171
8 83 0.037860
9 83 0.032063
11 83 0.034999
14 83 0.068468
17 83 0.147508
19 83 0.035057
21 83 0.060360
22 83 0.126087
23 83 0.034389
26 83 0.037510
28 83 0.133626
29 83 0.032320
30 83 0.063512
31 83 0.032658
32 83 0.036254
33 83 0.083423
35 83 0.124865
36 83 0.063016
42 83 0.069730
43 83 0.030559
44 83 0.029607
46 83 0.083784
49 83 0.034304
51 83 0.067480
52 83 0.032850
53 83 0.033372
56 83 0.075135
58 83 0.129037
59 83 0.116692
67 83 0.062835
77 83 0.071781
78 83 0.041099
83 83 1.000000
87 83 0.137955
88 83 0.083784
90 83 0.081533
91 83 0.035084
94 83 0.071251
99 83 0.032733
100 83 0.115252
4 84 0.091712
5 84 0.032636
11 84 0.148527
17 84 0.032222
21 84 0.075135
23 84 0.048015
26 84 0.066698
29 84 0.061141
32 84 0.176985
33 84 0.083423
34 84 0.034849
35 84 0.148108
39 84 0.078667
40 84 0.061441
42 84 0.141622
44 84 0.035248
46 84 0.125979
49 84 0.168288
52 84 0.068240
53 84 0.114838
56 84 0.075135
59 84 0.148108
61 84 0.150759
62 84 0.037075
66 84 0.075005
68 84 0.039752
69 84 0.036537
74 84 0.032205
76 84 0.138174
79 84 0.031779
80 84 0.286455
83 84 0.075135
84 84 1.000000
85 84 0.036560
88 84 0.130546
90 84 0.083243
93 84 0.069500
96 84 0.032711
97 84 0.071712
98 84 0.208634
99 84 0.036419
100 84 0.185946
3 85 0.034301
4 85 0.123784
11 85 0.074761
12 85 0.065883
18 85 0.041141
20 85 0.047527
21 85 0.214279
29 85 0.100425
33 85 0.084504
35 85 0.066494
36 85 0.032571
45 85 0.098900
48 85 0.034858
51 85 0.059640
53 85 0.034099
54 85 0.034208
56 85 0.031291
60 85 0.032072
61 85 0.054221
69 85 0.096712
70 85 0.075032
74 85 0.065723
75 85 0.150204
79 85 0.131964
85 85 1.000000
86 85 0.179955
87 85 0.133032
88 85 0.091171
93 85 0.066057
95 85 0.156146
98 85 0.034559
1 86 0.138095
2 86 0.034163
4 86 0.123313
8 86 0.135264
9 86 0.031482
12 86 0.031259
17 86 0.083423
18 86 0.229902
19 86 0.031577
20 86 0.037427
21 86 0.104545
22 86 0.067141
26 86 0.030274
28 86 0.030901
29 86 0.038318
30 86 0.029717
33 86 0.083423
34 86 0.093450
38 86 0.066667
42 86 0.033270
53 86 0.040235
56 86 0.075135
58 86 0.034640
62 86 0.034535
63 86 0.040045
66 86 0.066252
68 86 0.065736
72 86 0.041384
73 86 0.031479
75 86 0.032123
77 86 0.071019
78 86 0.038312
83 86 0.136669
85 86 0.292729
86 86 1.000000
87 86 0.067141
88 86 0.091532
90 86 0.075135
93 86 0.075135
96 86 0.094887
99 86 0.108650
100 86 0.055298
1 87 0.074369
2 87 0.066294
3 87 0.068364
4 87 0.249264
5 87 0.041794
6 87 0.052750
7 87 0.033629
9 87 0.033153
11 87 0.032948
15 87 0.033646
19 87 0.102737
20 87 0.034434
21 87 0.115607
22 87 0.060000
25 87 0.074189
27 87 0.035431
28 87 0.055878
30 87 0.033652
32 87 0.132133
33 87 0.119103
34 87 0.171605
35 87 0.180905
36 87 0.032035
38 87 0.034335
40 87 0.093962
41 87 0.148621
42 87 0.072305
46 87 0.152432
48 87 0.077959
49 87 0.061802
51 87 0.065040
56 87 0.083243
59 87 0.148649
60 87 0.247869
63 87 0.079800
67 87 0.031583
74 87 0.035563
76 87 0.032124
77 87 0.138051
82 87 0.063205
83 87 0.144096
85 87 0.035152
86 87 0.135666
87 87 1.000000
88 87 0.191144
93 87 0.092878
96 87 0.066486
99 87 0.069536
100 87 0.148649
1 88 0.083423
3 88 0.033934
4 88 0.091712
5 88 0.065831
14 88 0.034514
15 88 0.030062
16 88 0.033351
17 88 0.033168
19 88 0.032417
22 88 0.066961
24 88 0.068851
26 88 0.033767
30 88 0.031564
31 88 0.073854
35 88 0.127988
36 88 0.043202
38 88 0.034222
39 88 0.067646
40 88 0.179298
41 88 0.037143
42 88 0.068472
46 88 0.084505
52 88 0.032340
56 88 0.039767
59 88 0.084505
60 88 0.064295
68 88 0.303274
70 88 0.144045
73 88 0.033580
75 88 0.035616
77 88 0.038861
79 88 0.033333
81 88 0.066667
85 88 0.107988
86 88 0.075135
87 88 0.111713
88 88 1.000000
90 88 0.071222
91 88 0.081194
93 88 0.076577
97 88 0.225400
98 88 0.030811
100 88 0.084505
4 89 0.091531
5 89 0.040219
12 89 0.072192
19 89 0.066662
21 89 0.145045
22 89 0.209029
28 89 0.056896
31 89 0.041021
33 89 0.066612
34 89 0.036858
35 89 0.116784
36 89 0.033628
37 89 0.217991
38 89 0.041652
39 89 0.030878
40 89 0.135862
42 89 0.064478
43 89 0.039640
45 89 0.069730
46 89 0.085225
52 89 0.031254
53 89 0.083063
55 89 0.065423
56 89 0.037064
59 89 0.125261
60 89 0.063968
65 89 0.063674
68 89 0.030461
70 89 0.063351
80 89 0.063391
82 89 0.032072
88 89 0.121710
89 89 1.000000
90 89 0.083243
93 89 0.231175
97 89 0.101802
99 89 0.068746
100 89 0.085225
1 90 0.108507
2 90 0.068369
4 90 0.122546
9 90 0.032432
11 90 0.071139
14 90 0.032124
21 90 0.074955
23 90 0.074693
28 90 0.031351
29 90 0.112137
31 90 0.038679
35 90 0.085586
39 90 0.078919
41 90 0.036093
46 90 0.085586
51 90 0.137185
56 90 0.032947
57 90 0.030178
59 90 0.085586
63 90 0.082523
70 90 0.141413
77 90 0.224025
79 90 0.032329
80 90 0.051712
82 90 0.031033
86 90 0.083423
88 90 0.369722
89 90 0.031712
90 90 1.000000
91 90 0.036216
93 90 0.034664
100 90 0.085586
2 91 0.078240
4 91 0.197054
6 91 0.103969
7 91 0.031875
9 91 0.034167
13 91 0.051947
17 91 0.065564
28 91 0.040400
32 91 0.093634
33 91 0.083423
35 91 0.060000
37 91 0.064989
38 91 0.035930
40 91 0.092170
42 91 0.068671
45 91 0.071346
48 91 0.043258
49 91 0.092973
50 91 0.031689
53 91 0.076647
55 91 0.063264
56 91 0.075135
59 91 0.060000
61 91 0.117408
62 91 0.166843
65 91 0.034296
66 91 0.066689
71 91 0.138021
72 91 0.062890
77 91 0.071143
78 91 0.032989
79 91 0.073644
81 91 0.034955
83 91 0.245035
84 91 0.034238
86 91 0.074955
88 91 0.092613
90 91 0.173697
91 91 1.000000
92 91 0.069128
98 91 0.066667
99 91 0.063478
100 91 0.060000
2 92 0.068599
4 92 0.125270
6 92 0.115163
11 92 0.034775
12 92 0.034308
13 92 0.074955
19 92 0.031344
26 92 0.071208
27 92 0.158793
30 92 0.032072
31 92 0.219740
32 92 0.062162
33 92 0.083423
35 92 0.164752
36 92 0.063105
40 92 0.062162
48 92 0.072530
49 92 0.062162
54 92 0.036897
57 92 0.033960
59 92 0.130917
68 92 0.297644
70 92 0.040940
72 92 0.033451
74 92 0.103559
75 92 0.149844
76 92 0.031485
78 92 0.049660
83 92 0.030839
86 92 0.146697
88 92 0.157838
90 92 0.035853
92 92 1.000000
94 92 0.030815
96 92 0.062883
97 92 0.083131
100 92 0.062162
4 93 0.091712
8 93 0.099084
14 93 0.032067
16 93 0.063980
17 93 0.122749
18 93 0.105044
19 93 0.031997
21 93 0.031795
23 93 0.040673
29 93 0.066740
31 93 0.036396
32 93 0.034481
33 93 0.083423
34 93 0.062939
39 93 0.035930
42 93 0.097978
45 93 0.139561
47 93 0.030828
52 93 0.172977
54 93 0.067658
55 93 0.130851
58 93 0.034676
60 93 0.030991
63 93 0.136038
66 93 0.075135
70 93 0.035586
71 93 0.034234
72 93 0.074932
74 93 0.029734
75 93 0.101534
76 93 0.033694
82 93 0.221957
85 93 0.067514
86 93 0.032206
88 93 0.092072
91 93 0.074234
93 93 1.000000
97 93 0.103107
100 93 0.033997
1 94 0.031423
4 94 0.121597
7 94 0.127094
8 94 0.061248
10 94 0.032838
18 94 0.076830
21 94 0.075135
23 94 0.164481
25 94 0.067648
26 94 0.032396
29 94 0.039640
30 94 0.031549
31 94 0.066225
32 94 0.062162
33 94 0.114358
35 94 0.148108
40 94 0.095459
46 94 0.085946
48 94 0.077000
49 94 0.062162
54 94 0.065367
56 94 0.073755
58 94 0.053071
59 94 0.148108
62 94 0.032920
71 94 0.150030
72 94 0.031509
75 94 0.065700
76 94 0.087257
78 94 0.030706
86 94 0.083423
88 94 0.148919
89 94 0.030746
93 94 0.083423
94 94 1.000000
96 94 0.066834
97 94 0.217952
100 94 0.183398
4 95 0.091712
5 95 0.106971
11 95 0.336832
16 95 0.164520
17 95 0.143063
18 95 0.060601
23 95 0.037519
31 95 0.169206
35 95 0.087027
46 95 0.087027
47 95 0.047952
53 95 0.039279
54 95 0.070727
59 95 0.087027
61 95 0.038580
63 95 0.108792
64 95 0.078190
68 95 0.165302
71 95 0.138695
72 95 0.097017
74 95 0.062851
78 95 0.040422
81 95 0.168848
84 95 0.039824
85 95 0.035989
88 95 0.149549
90 95 0.083423
93 95 0.036317
95 95 1.000000
98 95 0.066847
99 95 0.069979
100 95 0.087027
1 96 0.039279
3 96 0.031060
4 96 0.091712
7 96 0.033153
10 96 0.032717
11 96 0.076937
20 96 0.250987
24 96 0.062978
26 96 0.064001
27 96 0.029562
30 96 0.036419
31 96 0.129041
32 96 0.029961
33 96 0.083423
40 96 0.031733
54 96 0.060313
59 96 0.030811
60 96 0.040143
64 96 0.065477
65 96 0.041590
67 96 0.101991
73 96 0.044292
74 96 0.031204
82 96 0.050100
86 96 0.213149
88 96 0.157838
90 96 0.106130
94 96 0.033739
95 96 0.032809
96 96 1.000000
98 96 0.097285
99 96 0.070243
100 96 0.068657
4 97 0.091531
6 97 0.357427
12 97 0.034290
13 97 0.184478
14 97 0.153633
17 97 0.110130
19 97 0.034669
21 97 0.141885
26 97 0.039865
31 97 0.037034
32 97 0.035291
33 97 0.083423
35 97 0.068219
37 97 0.033333
39 97 0.032798
41 97 0.034279
45 97 0.039227
46 97 0.033973
47 97 0.102860
50 97 0.137137
51 97 0.066667
60 97 0.322646
61 97 0.089189
63 97 0.120336
64 97 0.078696
67 97 0.142593
70 97 0.102169
71 97 0.033694
74 97 0.071370
76 97 0.054528
77 97 0.070988
78 97 0.053507
79 97 0.032838
86 97 0.075135
87 97 0.033814
88 97 0.399438
91 97 0.031712
93 97 0.032950
94 97 0.101897
97 97 1.000000
1 98 0.063665
4 98 0.091712
6 98 0.040352
8 98 0.032061
13 98 0.074955
14 98 0.030726
16 98 0.031909
17 98 0.148252
21 98 0.038273
24 98 0.030824
28 98 0.031215
30 98 0.035180
32 98 0.059820
33 98 0.083243
35 98 0.129924
36 98 0.033710
39 98 0.033395
40 98 0.059820
43 98 0.146835
48 98 0.066420
49 98 0.122795
54 98 0.032520
56 98 0.030976
59 98 0.059820
63 98 0.064521
65 98 0.248064
66 98 0.169023
76 98 0.068793
77 98 0.067396
79 98 0.032186
82 98 0.029637
84 98 0.037140
88 98 0.090991
90 98 0.081982
96 98 0.098716
97 98 0.033822
98 98 1.000000
100 98 0.127181
3 99 0.067442
4 99 0.096577
6 99 0.037778
10 99 0.031508
12 99 0.034345
13 99 0.063063
14 99 0.103720
20 99 0.031712
21 99 0.075135
22 99 0.060000
26 99 0.061347
31 99 0.187173
32 99 0.061802
33 99 0.080946
35 99 0.094820
37 99 0.332725
40 99 0.061802
42 99 0.217333
43 99 0.086486
48 99 0.034117
49 99 0.115418
51 99 0.031371
52 99 0.120932
55 99 0.032973
56 99 0.075135
57 99 0.031943
59 99 0.279329
62 99 0.035090
67 99 0.033423
68 99 0.148963
70 99 0.110309
71 99 0.080120
75 99 0.037755
78 99 0.054573
79 99 0.061911
80 99 0.035730
81 99 0.031728
83 99 0.100421
84 99 0.035166
86 99 0.083243
88 99 0.090631
89 99 0.174902
91 99 0.032819
93 99 0.079820
99 99 1.000000
100 99 0.061802
1 100 0.033018
3 100 0.040177
4 100 0.130094
5 100 0.083522
6 100 0.033964
8 100 0.031896
11 100 0.061866
13 100 0.177561
16 100 0.031739
17 100 0.083423
23 100 0.070541
24 100 0.060927
25 100 0.035589
26 100 0.060927
30 100 0.091790
32 100 0.062342
33 100 0.083423
35 100 0.150090
36 100 0.052042
38 100 0.039293
39 100 0.030313
40 100 0.170522
42 100 0.061866
44 100 0.073018
46 100 0.122635
49 100 0.100876
54 100 0.116580
58 100 0.080898
59 100 0.150090
64 100 0.061866
67 100 0.067319
71 100 0.038258
72 100 0.110358
73 100 0.031919
75 100 0.195119
76 100 0.037658
77 100 0.117608
80 100 0.039224
81 100 0.059102
83 100 0.064489
84 100 0.252669
86 100 0.083423
87 100 0.093266
88 100 0.090991
89 100 0.062402
90 100 0.079459
91 100 0.071408
92 100 0.061866
94 100 0.094891
96 100 0.032022
97 100 0.066667
98 100 0.034585
99 100 0.105166
100 100 1.000000
